1696010,1709589
1696011,1709590
1696012,1709591
1696015,1709592
1696018,1709593
1696019,1709594
1696022,1709595
1696024,1709596
1696029,1709597
1696030,1709598
1696031,1709599
1696032,1709600
1696033,1709601
1696034,1709602
1696035,1709603
1696106,1709604
1696107,1709605
1696108,1709606
1696109,1709607
1696110,1709608
1696117,1709609
1696118,1709610
1696124,1709611
1696128,1709612
1696130,1709613
1696134,1709614
1696137,1709615
1696138,1709616
1696146,1709617
1696149,1709618
1696156,1709619
1696157,1709620
1696158,1709621
1696160,1709622
1696161,1709623
1696162,1709624
1696164,1709625
1696165,1709626
1696167,1709627
1696170,1709628
1696171,1709629
1696172,1709630
1696174,1709631
1696175,1709632
1696176,1709633
1696177,1709634
1696178,1709635
1696179,1709636
1696180,1709637
1696188,1709638
1696191,1709639
1696192,1709640
1696193,1709641
1696197,1709642
1696198,1709643
1696200,1709644
1696201,1709645
1696203,1709646
1696204,1709647
1696205,1709648
1696206,1709649
1696207,1709650
1696208,1709651
1696209,1709652
1696210,1709653
1696211,1709654
1696212,1709655
1696213,1709656
1696214,1709657
1696215,1709658
1696216,1709659
1696231,1709660
1696232,1709661
1696235,1709662
1696236,1709663
1696241,1709664
1696248,1709665
1696249,1709666
1696252,1709667
1696253,1709668
1696254,1709669
1696255,1709670
1696256,1709671
1696257,1709672
1696259,1709673
1696260,1709674
1696263,1709675
1696264,1709676
1696265,1709677
1696266,1709678
1696267,1709679
1696268,1709680
1696269,1709681
1696270,1709682
1696274,1709683
1696275,1709684
1696287,1709685
1696289,1709686
1696294,1709687
1696295,1709688
1696296,1709689
1696297,1709690
1696299,1709691
1696332,1709692
1696333,1709693
1696334,1709694
1696335,1709695
1696336,1709696
1696337,1709697
1696338,1709698
1696339,1709699
1696340,1709700
1696341,1709701
1696342,1709702
1696343,1709703
1696344,1709704
1696345,1709705
1696346,1709706
1696347,1709707
1696366,1709708
1696367,1709709
1696409,1709710
1696410,1709711
1696441,1709712
1696513,1709713
1696516,1709714
1696517,1709715
1696518,1709716
1696519,1709717
1696573,1709718
1696574,1709719
1696575,1709720
1696576,1709721
1696577,1709722
1696578,1709723
1696579,1709724
1696580,1709725
1696581,1709726
1696582,1709727
1696583,1709728
1696584,1709729
1696585,1709730
1696586,1709731
1696587,1709732
1696589,1709733
1696595,1709734
1696596,1709735
1696597,1709736
1696601,1709737
1696624,1709738
1696627,1709739
1696628,1709740
1696629,1709741
1696630,1709742
1696631,1709743
1696632,1709744
1696636,1709745
1696639,1709746
1696640,1709747
1696671,1709748
1696672,1709749
1696674,1709750
1696676,1709751
1696677,1709752
1696680,1709753
1696682,1709754
1696685,1709755
1696686,1709756
1696687,1709757
1696688,1709758
1696691,1709759
1696696,1709760
1696697,1709761
1696732,1709762
1696733,1709763
1696734,1709764
1696735,1709765
1696736,1709766
1696737,1709767
1696738,1709768
1696739,1709769
1696740,1709770
1696741,1709771
1696753,1709772
1696754,1709773
1696755,1709774
1696756,1709775
1696757,1709776
1696758,1709777
1696762,1709778
1696763,1709779
1696764,1709780
1696765,1709781
1696766,1709782
1696767,1709783
1696768,1709784
1696769,1709785
1696770,1709786
1696771,1709787
1696775,1709788
1696776,1709789
1696777,1709790
1696780,1709791
1696781,1709792
1696782,1709793
1696783,1709794
1696786,1709795
1696788,1709796
1696790,1709797
1696791,1709798
1696792,1709799
1696793,1709800
1696794,1709801
1696795,1709802
1696805,1709803
1696825,1709804
1696826,1709805
1696827,1709806
1696828,1709807
1696833,1709808
1696837,1709809
1696856,1709810
1696861,1709811
1696865,1709812
1696866,1709813
1696881,1709814
1696908,1709815
1696911,1709816
1696912,1709817
1696915,1709818
1697258,1709819
1697259,1709820
1697260,1709821
1697261,1709822
1697262,1709823
1697263,1709824
1697264,1709825
1697265,1709826
1697266,1709827
1697267,1709828
1697293,1709829
1697294,1709830
1697766,1709831
1697972,1709832
1697973,1709833
1697974,1709834
1698058,1709835
1698059,1709836
1698060,1709837
1698061,1709838
1698062,1709839
1698181,1709840
1698191,1709841
1698192,1709842
1698193,1709843
1698194,1709844
1698195,1709845
1698264,1709846
1698305,1709847
1698306,1709848
1698311,1709849
1698326,1709850
1698327,1709851
1698328,1709852
1698329,1709853
1698330,1709854
1698331,1709855
1698354,1709856
1698403,1709857
1698404,1709858
1698405,1709859
1698406,1709860
1698407,1709861
1698408,1709862
1699148,1709863
1699677,1709864
1699731,1709865
1699732,1709866
1700368,1709867
1700369,1709868
1700382,1709869
1700383,1709870
1700384,1709871
1700385,1709872
1700422,1709873
1700462,1709874
1700463,1709875
1700505,1709876
1700506,1709877
1700507,1709878
1700511,1709879
1700512,1709880
1700513,1709881
1700516,1709882
1700519,1709883
1700520,1709884
1700521,1709885
1700534,1709886
1700535,1709887
1700536,1709888
1700537,1709889
1700538,1709890
1700539,1709891
1700545,1709892
1700546,1709893
1700547,1709894
1700548,1709895
1700549,1709896
1700550,1709897
1700551,1709898
1700552,1709899
1700553,1709900
1700564,1709901
1700565,1709902
1700566,1709903
1700567,1709904
1700568,1709905
1700569,1709906
1700570,1709907
1700571,1709908
1700572,1709909
1700573,1709910
1700574,1709911
1700575,1709912
1700576,1709913
1700577,1709914
1700578,1709915
1700613,1709916
1700614,1709917
1700697,1709918
1700699,1709919
1700701,1709920
1700702,1709921
1700703,1709922
1700704,1709923
1700705,1709924
1700706,1709925
1700710,1709926
1700718,1709927
1700728,1709928
1700729,1709929
1700731,1709930
1700732,1709931
1700733,1709932
1700734,1709933
1700735,1709934
1700736,1709935
1700737,1709936
1700738,1709937
1700739,1709938
1700740,1709939
1700741,1709940
1700742,1709941
1700743,1709942
1700744,1709943
1700745,1709944
1700747,1709945
1700748,1709946
1700749,1709947
1700750,1709948
1700751,1709949
1700752,1709950
1700753,1709951
1700756,1709953
1700757,1709954
1700758,1709955
1700759,1709956
1700760,1709957
1700764,1709958
1700766,1709959
1700767,1709960
1700768,1709961
1700769,1709962
1700770,1709963
1700771,1709964
1700772,1709965
1700773,1709966
1700777,1709968
1700780,1709971
1700781,1709972
1700782,1709973
1700785,1709974
1700797,1709975
1700798,1709976
1700799,1709977
1700800,1709978
1700801,1709979
1700802,1709980
1700805,1709983
1700806,1709984
1700821,1709985
1700822,1709986
1700823,1709987
1700825,1709988
1700826,1709989
1700827,1709990
1700828,1709991
1700829,1709992
1700831,1709993
1700832,1709994
1700833,1709995
1700834,1709996
1700835,1709997
1700849,1709998
1700850,1709999
1700851,1710000
1700852,1710001
1700853,1710002
1700854,1710003
1700855,1710004
1700856,1710005
1700857,1710006
1700858,1710007
1700859,1710008
1700860,1710009
1700861,1710010
1700862,1710011
1700863,1710012
1700864,1710013
1700865,1710014
1700866,1710015
1700867,1710016
1700871,1710018
1700872,1710019
1700875,1710020
1700876,1710021
1700877,1710022
1700878,1710023
1700879,1710024
1700880,1710025
1700881,1710026
1700882,1710027
1700883,1710028
1700884,1710029
1700885,1710030
1700886,1710031
1700887,1710032
1700889,1710033
1700915,1710034
1700920,1710035
1700922,1710036
1700923,1710037
1700924,1710038
1700925,1710039
1700926,1710040
1700927,1710041
1700930,1710042
1700931,1710043
1700932,1710044
1700933,1710045
1700935,1710046
1700936,1710047
1700940,1710048
1700944,1710049
1700952,1710051
1700953,1710052
1700964,1710053
1700965,1710054
1700967,1710055
1700968,1710056
1700969,1710057
1700970,1710058
1700971,1710059
1700972,1710060
1700973,1710061
1700974,1710062
1700975,1710063
1700976,1710064
1700977,1710065
1700978,1710066
1700979,1710067
1700980,1710068
1700981,1710069
1700982,1710070
1700983,1710071
1700984,1710072
1700985,1710073
1700986,1710074
1700987,1710075
1700988,1710076
1700989,1710077
1700990,1710078
1700991,1710079
1700992,1710080
1700993,1710081
1700994,1710082
1700995,1710083
1700997,1710084
1700998,1710085
1700999,1710086
1701000,1710087
1701002,1710088
1701003,1710089
1701004,1710090
1701005,1710091
1701006,1710092
1701007,1710093
1701008,1710094
1701009,1710095
1701010,1710096
1701011,1710097
1701012,1710098
1701013,1710099
1701014,1710100
1701015,1710101
1701016,1710102
1701017,1710103
1701018,1710104
1701019,1710105
1701020,1710106
1701021,1710107
1701022,1710108
1701023,1710109
1701024,1710110
1701025,1710111
1701026,1710112
1701027,1710113
1701028,1710114
1701033,1710115
1701053,1710116
1701054,1710117
1701058,1710118
1701059,1710119
1701060,1710120
1701061,1710121
1701062,1710122
1701063,1710123
1701064,1710124
1701065,1710125
1701066,1710126
1701067,1710127
1701068,1710128
1701069,1710129
1701070,1710130
1701071,1710131
1701072,1710132
1701073,1710133
1701074,1710134
1701075,1710135
1701076,1710136
1701077,1710137
1701078,1710138
1701079,1710139
1701080,1710140
1701081,1710141
1701082,1710142
1701083,1710143
1701084,1710144
1701085,1710145
1701086,1710146
1701088,1710147
1701089,1710148
1701091,1710149
1701092,1710150
1701093,1710151
1701094,1710152
1701095,1710153
1701096,1710154
1701097,1710155
1701098,1710156
1701099,1710157
1701100,1710158
1701101,1710159
1701102,1710160
1701104,1710161
1701105,1710162
1701106,1710163
1701107,1710164
1701108,1710165
1701109,1710166
1701110,1710167
1701111,1710168
1701112,1710169
1701113,1710170
1701114,1710171
1701115,1710172
1701116,1710173
1701117,1710174
1701118,1710175
1701119,1710176
1701120,1710177
1701121,1710178
1701122,1710179
1701123,1710180
1701124,1710181
1701125,1710182
1701126,1710183
1701127,1710184
1701128,1710185
1701129,1710186
1701130,1710187
1701131,1710188
1701132,1710189
1701133,1710190
1701134,1710191
1701135,1710192
1701136,1710193
1701137,1710194
1701138,1710195
1701139,1710196
1701140,1710197
1701141,1710198
1701142,1710199
1701143,1710200
1701144,1710201
1701145,1710202
1701146,1710203
1701147,1710204
1701148,1710205
1701149,1710206
1701150,1710207
1701151,1710208
1701152,1710209
1701154,1710210
1701155,1710211
1701156,1710212
1701157,1710213
1701158,1710214
1701159,1710215
1701160,1710216
1701161,1710217
1701162,1710218
1701163,1710219
1701164,1710220
1701165,1710221
1701166,1710222
1701167,1710223
1701168,1710224
1701169,1710225
1701170,1710226
1701171,1710227
1701172,1710228
1701173,1710229
1701174,1710230
1701175,1710231
1701176,1710232
1701177,1710233
1701178,1710234
1701179,1710235
1701180,1710236
1701181,1710237
1701182,1710238
1701183,1710239
1701184,1710240
1701186,1710241
1701187,1710242
1701188,1710243
1701189,1710244
1701190,1710245
1701191,1710246
1701192,1710247
1701193,1710248
1701194,1710249
1701195,1710250
1701196,1710251
1701197,1710252
1701198,1710253
1701199,1710254
1701200,1710255
1701201,1710256
1701202,1710257
1701203,1710258
1701204,1710259
1701205,1710260
1701206,1710261
1701207,1710262
1701208,1710263
1701209,1710264
1701210,1710265
1701211,1710266
1701212,1710267
1701213,1710268
1701214,1710269
1701215,1710270
1701216,1710271
1701217,1710272
1701218,1710273
1701219,1710274
1701220,1710275
1701221,1710276
1701222,1710277
1701223,1710278
1701224,1710279
1701225,1710280
1701226,1710281
1701227,1710282
1701228,1710283
1701229,1710284
1701230,1710285
1701231,1710286
1701232,1710287
1701233,1710288
1701234,1710289
1701235,1710290
1701237,1710291
1701238,1710292
1701239,1710293
1701240,1710294
1701241,1710295
1701242,1710296
1701243,1710297
1701244,1710298
1701245,1710299
1701246,1710300
1701247,1710301
1701248,1710302
1701249,1710303
1701250,1710304
1701251,1710305
1701252,1710306
1701253,1710307
1701254,1710308
1701255,1710309
1701256,1710310
1701257,1710311
1701258,1710312
1701259,1710313
1701260,1710314
1701261,1710315
1701264,1710316
1701265,1710317
1701266,1710318
1701267,1710319
1701269,1710320
1701270,1710321
1701271,1710322
1701272,1710323
1701273,1710324
1701274,1710325
1701275,1710326
1701276,1710327
1701277,1710328
1701278,1710329
1701279,1710330
1701280,1710331
1701281,1710332
1701282,1710333
1701283,1710334
1701284,1710335
1701285,1710336
1701286,1710337
1701287,1710338
1701288,1710339
1701289,1710340
1701290,1710341
1701291,1710342
1701292,1710343
1701293,1710344
1701294,1710345
1701295,1710346
1701296,1710347
1701297,1710348
1701298,1710349
1701299,1710350
1701300,1710351
1701301,1710352
1701302,1710353
1701303,1710354
1701304,1710355
1701305,1710356
1701306,1710357
1701307,1710358
1701308,1710359
1701309,1710360
1701310,1710361
1701313,1710362
1701314,1710363
1701315,1710364
1701316,1710365
1701317,1710366
1701318,1710367
1701319,1710368
1701320,1710369
1701321,1710370
1701322,1710371
1701323,1710372
1701324,1710373
1701325,1710374
1701326,1710375
1701327,1710376
1701328,1710377
1701329,1710378
1701330,1710379
1701331,1710380
1701332,1710381
1701333,1710382
1701334,1710383
1701335,1710384
1701336,1710385
1701337,1710386
1701338,1710387
1701339,1710388
1701340,1710389
1701341,1710390
1701342,1710391
1701343,1710392
1701344,1710393
1701345,1710394
1701346,1710395
1701347,1710396
1701348,1710397
1701349,1710398
1701350,1710399
1701351,1710400
1701352,1710401
1701353,1710402
1701354,1710403
1701355,1710404
1701356,1710405
1701357,1710406
1701358,1710407
1701359,1710408
1701360,1710409
1701361,1710410
1701362,1710411
1701363,1710412
1701364,1710413
1701365,1710414
1701366,1710415
1701367,1710416
1701368,1710417
1701369,1710418
1701370,1710419
1701371,1710420
1701372,1710421
1701373,1710422
1701374,1710423
1701375,1710424
1701376,1710425
1701377,1710426
1701378,1710427
1701379,1710428
1701380,1710429
1701381,1710430
1701382,1710431
1701383,1710432
1701384,1710433
1701385,1710434
1701386,1710435
1701387,1710436
1701388,1710437
1701389,1710438
1701390,1710439
1701391,1710440
1701392,1710441
1701393,1710442
1701394,1710443
1701395,1710444
1701396,1710445
1701397,1710446
1701399,1710447
1701400,1710448
1701401,1710449
1701402,1710450
1701403,1710451
1701404,1710452
1701405,1710453
1701406,1710454
1701407,1710455
1701408,1710456
1701409,1710457
1701410,1710458
1701411,1710459
1701412,1710460
1701413,1710461
1701414,1710462
1701415,1710463
1701416,1710464
1701417,1710465
1701418,1710466
1701419,1710467
1701420,1710468
1701421,1710469
1701422,1710470
1701423,1710471
1701424,1710472
1701425,1710473
1701426,1710474
1701427,1710475
1701428,1710476
1701429,1710477
1701430,1710478
1701431,1710479
1701432,1710480
1701433,1710481
1701434,1710482
1701435,1710483
1701436,1710484
1701437,1710485
1701438,1710486
1701439,1710487
1701440,1710488
1701441,1710489
1701442,1710490
1701443,1710491
1701444,1710492
1701445,1710493
1701446,1710494
1701447,1710495
1701448,1710496
1701449,1710497
1701450,1710498
1701451,1710499
1701452,1710500
1701453,1710501
1701454,1710502
1701455,1710503
1701456,1710504
1701457,1710505
1701458,1710506
1701459,1710507
1701460,1710508
1701461,1710509
1701462,1710510
1701463,1710511
1701464,1710512
1701465,1710513
1701466,1710514
1701467,1710515
1701468,1710516
1701469,1710517
1701470,1710518
1701471,1710519
1701472,1710520
1701473,1710521
1701474,1710522
1701475,1710523
1701476,1710524
1701477,1710525
1701478,1710526
1701482,1710527
1701483,1710528
1701484,1710529
1701485,1710530
1701486,1710531
1701487,1710532
1701488,1710533
1701489,1710534
1701490,1710535
1701491,1710536
1701492,1710537
1701493,1710538
1701494,1710539
1701495,1710540
1701496,1710541
1701497,1710542
1701498,1710543
1701499,1710544
1701500,1710545
1701501,1710546
1701502,1710547
1701503,1710548
1701504,1710549
1701505,1710550
1701506,1710551
1701507,1710552
1701508,1710553
1701509,1710554
1701510,1710555
1701511,1710556
1701512,1710557
1701513,1710558
1701514,1710559
1701515,1710560
1701516,1710561
1701517,1710562
1701518,1710563
1701519,1710564
1701520,1710565
1701521,1710566
1701522,1710567
1701523,1710568
1701524,1710569
1701525,1710570
1701526,1710571
1701527,1710572
1701528,1710573
1701529,1710574
1701530,1710575
1701531,1710576
1701532,1710577
1701533,1710578
1701534,1710579
1701535,1710580
1701536,1710581
1701537,1710582
1701538,1710583
1701539,1710584
1701540,1710585
1701541,1710586
1701542,1710587
1701543,1710588
1701544,1710589
1701545,1710590
1701546,1710591
1701547,1710592
1701548,1710593
1701549,1710594
1701550,1710595
1701551,1710596
1701552,1710597
1701553,1710598
1701554,1710599
1701555,1710600
1701556,1710601
1701557,1710602
1701558,1710603
1701559,1710604
1701560,1710605
1701561,1710606
1701562,1710607
1701563,1710608
1701564,1710609
1701565,1710610
1701566,1710611
1701567,1710612
1701576,1710613
1701577,1710614
1701578,1710615
1701580,1710616
1701581,1710617
1701582,1710618
1701583,1710619
1701584,1710620
1701585,1710621
1701586,1710622
1701587,1710623
1701588,1710624
1701589,1710625
1701590,1710626
1701591,1710627
1701592,1710628
1701593,1710629
1701594,1710630
1701595,1710631
1701596,1710632
1701597,1710633
1701598,1710634
1701599,1710635
1701600,1710636
1701601,1710637
1701602,1710638
1701603,1710639
1701604,1710640
1701605,1710641
1701606,1710642
1701607,1710643
1701608,1710644
1701609,1710645
1701610,1710646
1701611,1710647
1701612,1710648
1701613,1710649
1701614,1710650
1701615,1710651
1701616,1710652
1701617,1710653
1701618,1710654
1701619,1710655
1701620,1710656
1701621,1710657
1701622,1710658
1701623,1710659
1701624,1710660
1701625,1710661
1701626,1710662
1701627,1710663
1701628,1710664
1701629,1710665
1701630,1710666
1701631,1710667
1701632,1710668
1701633,1710669
1701634,1710670
1701635,1710671
1701636,1710672
1701637,1710673
1701638,1710674
1701639,1710675
1701640,1710676
1701641,1710677
1701642,1710678
1701643,1710679
1701644,1710680
1701645,1710681
1701646,1710682
1701647,1710683
1701648,1710684
1701649,1710685
1701650,1710686
1701651,1710687
1701652,1710688
1701653,1710689
1701654,1710690
1701655,1710691
1701656,1710692
1701657,1710693
1701658,1710694
1701659,1710695
1701660,1710696
1701661,1710697
1701662,1710698
1701663,1710699
1701664,1710700
1701665,1710701
1701666,1710702
1701667,1710703
1701668,1710704
1701669,1710705
1701670,1710706
1701671,1710707
1701672,1710708
1701673,1710709
1701674,1710710
1701675,1710711
1701676,1710712
1701677,1710713
1701678,1710714
1701679,1710715
1701680,1710716
1701681,1710717
1701682,1710718
1701683,1710719
1701684,1710720
1701685,1710721
1701686,1710722
1701687,1710723
1701688,1710724
1701691,1710725
1701692,1710726
1701693,1710727
1701694,1710728
1701695,1710729
1701696,1710730
1701697,1710731
1701698,1710732
1701699,1710733
1701700,1710734
1701720,1710735
1701739,1710736
1701740,1710737
1701741,1710738
1701742,1710739
1701743,1710740
1701762,1710741
1701763,1710742
1701764,1710743
1701765,1710744
1701766,1710745
