1471769 11758120 81885760
1471835 has 1 relation item con4-6-02.ppt 13834
1472262 has 1 relation item TYC_rd00000693.ppt 13834
1472314 40960 84847020
1472550 5377024 42791878
1472594 2120458 45902307
1472911 1358822 86644010
1472933 19818916 06813518
1473480 176171466 48899551
1473499 214599 51958661
1473549 23240704 42167068
1473921 119296 26103890
1474434 122880 18311307
1475030 4950528 18590648
1475520 33280 00537024
1475788 24064 11836683
1475823 8748772 63443440
1475867 720384 66784657
1475881 79360 07079061
1476793 3485467 13515497
1478245 38912 22546761
1478841 727040 75909252
1479514 8649413 76189412
1479824 1014784 84093092
1479959 58880 71830719
1480054 1015808 67471129
1480191 2962432 29711724
1480477 2544128 68926620
1480769 18040 89456254
1480879 4658688 95394854
1481260 53760 02026283
1481740 5791744 59698253
1481759 17408 43104985
1481992 95081472 07850126
1482066 208896 20923550
1483412 681984 21668162
1483444 17895 19385049
1483932 226816 51002060
1484513 33374205 00958837
1484770 10979418 35378035
1484819 15579648 46491346
1485227 55808 68025493
1485342 312832 79385614
1485389 5145600 91842481
1485706 5557248 70221213
1485761 302535 29369387
1485862 3499195 88498317
1486060 6504535 96650294
1486131 545792 79426546
1486783 131584 14020574
1487031 1164335 34806508
1487328 204288 73834167
1487474 3611136 83566610
1488181 112128 83932817
1488460 210432 25313094
1488719 5478400 22426369
1488748 50176 71541900
1489335 119296 02158019
1490361 2191360 74667007
1490727 9391616 92149317
1491386 8883712 06564182
1492106 45568 41262755
1492173 2264576 40363494
1492942 146432 07013417
1493037 1233920 35746137
1493391 2151424 69838428
1493423 5703408 04448326
1493650 540672 33348170
1494036 88495483 74647792
1494053 45568 56984620
1495088 59392 84485715
1495092 3327349 71580531
1495370 2165248 95891359
1495625 5011581 64058467
1495901 2337650 15292858
1496792 10000468 12552874
1497073 128000 63106743
1497644 347648 86129293
1497974 1778688 27234467
1499092 41984 51411090
1500006 1739450 26001746
1500145 292864 93352586
1500304 127175 08285198
1500623 4236800 36155982
1500878 78848 21478566
1501324 92672 42351054
1501332 20673 39840074
1501334 1287680 50368312
1501405 6851466 35043576
1501845 8640636 78431161
1501979 4599760 86190943
1502252 97792 98929561
1502917 9434 02935240
1503004 139731 19234698
1503183 5294592 46316693
1503600 61952 69326965
1503701 2761113 85728182
1503859 4132735 70753385
1504076 1680896 73366361
1504171 114176 04115996
1504318 25709979 38447558
1504629 108042 79506122
1504837 3787776 30472551
1504857 67584 17165576
1504924 85504 83619103
1505075 14081635 67286850
1505197 388608 90722924
1505286 1126912 70278467
1505659 1014105 94986222
1505934 11478528 37469643
1505993 1026662 33443344
1506392 21917220 38574474
1506432 6098987 59396948
1506508 367104 67549906
1507056 825344 74640278
1507192 53952119 17281124
1507628 891392 59991322
1507654 5822228 04831332
1507800 1787904 84543000
1507927 1098639 42809959
1508481 20129280 04520495
1508895 24859 83674659
1509195 1214976 42025628
1511961 53685 88788602
1513485 13592576 85492704
1513752 140800 27787478
1514064 140254 51894261
1514301 639488 11125588
1514907 418959 24574086
1514919 45490176 72195017
1515268 128068583 23150191
1515870 1751456 57986496
1517119 269312 85990807
1517211 1444864 39629499
1517781 212480 38266714
1517787 8348672 76863731
1518144 1524371 84008864
1518274 8421831 45997466
1518301 3543552 77595451
1518515 1259008 11361795
1518554 4353536 56199123
1518641 743810 44541825
1518688 126464 81473491
1518759 15851953 38269984
1519153 39585399 89707966
1519433 385536 74023505
1519601 3061760 69921762
1519867 79360 90900496
1519963 11031047 30855241
1520124 352256 88044423
1520200 4585716 87177795
1520419 433152 67198833
1520447 477956 40639375
1520761 4115456 88127496
1520846 7761408 03495737
1521039 55296 55899226
1521258 670208 49369088
1521659 1349120 07298119
1521712 253440 58789208
1521825 1363456 22444046
1522002 154624 42427335
1522119 9068032 16415309
1522241 41940867 28313462
1522423 216576 94118201
1522547 48640 69498255
1522638 6336512 51093007
1522799 259072 67627764
1523263 194048 03199811
1523538 456192 17865305
1523776 1931927 49146798
1523930 670439 46198140
1524462 36427254 05904404
1524499 3969536 52528607
1524522 243200 94645105
1524780 45568 59650002
1524960 116224 54153131
1525376 348160 31261458
1525389 732675 64193540
1525421 653209 95932590
1525590 30522501 70272252
1525756 12147712 94340790
1525792 154624 10067732
1525918 45056 24826760
1526007 73728 01443776
1526130 2577003 70856471
1526191 114410 30411672
1526292 2461184 85525642
1526957 3357544 48531541
1526965 93696 79239954
1527393 24732712 73331443
1527804 21777968 39117617
1528220 15245608 85533519
1528555 1054850 78151944
1528946 589824 07649576
1529466 807757 83081520
1529652 88064 51091597
1530189 8881640 72124776
1530800 36864 99172086
1531165 134144 89881232
1531402 56320 82653106
1531684 2111488 48754098
1531773 270325 59350469
1532458 8649413 48302757
1532863 126464 38192468
1533170 122880 61823046
1533393 28672 84890357
1533637 162816 23553546
1533777 5434781 47357978
1534345 3933384 12083733
1534592 46179614 03702241
1534657 218208 03279146
1534921 349184 26134459
1535410 1427968 23339318
1535660 19184933 25538500
1535692 238592 95672058
1536526 193000 86320454
1536627 3795733 38957731
1536672 128000 00853325
1537116 3161247 95562189
1537298 54784 45887776
1537552 1549529 95791092
1537629 2465541 31844799
1537668 73728 90956449
1537681 437696 39236289
1538576 249354 65017725
1538637 5174272 73611174
1539690 841728 33839036
1539802 1586360 52828249
1539863 3795733 96326477
1539955 4178503 01787035
1540074 3380881 90143110
1540334 438784 46123782
1541325 1157120 52903429
1541536 38400 04804864
1541645 8379056 63552064
1542194 1151982 38492190
1542581 2943728 17608424
1543330 110592 51567587
1543541 83456 59505087
1543547 5290275 82989263
1543777 50113 41121901
1543829 75264 03898063
1544521 93696 82063564
1544638 143360 96375293
1544673 119706 10678958
1544941 28655 65177511
1545107 619388 81451194
1545152 1466211 87477645
1545342 1533952 36098577
1545349 1578815 90034792
1545380 46080 44747031
1545392 3258078 39120527
1545592 10637236 14672898
1545678 54721 53401867
1545996 55628 48010586
1546814 1836160 43073813
1546831 4132134 90848970
1547481 380879 68782413
1547866 30720 34025293
1548007 66048 58445230
1548084 1023488 56395320
1548572 755946 47560225
1548740 73394389 16852145
1549628 616999 42842276
1549857 124296 06568080
1550209 3533906 78933072
1550550 7500063 33050151
1550754 11788848 88131625
1552111 60416 11438377
1552366 391168 38994916
1552455 103936 50074968
1552862 2582137 32256363
1552987 81408 19590081
1553185 202490 25622204
1553404 27044839 46211911
1553423 994922 65899025
1556629 77312 66487198
1560021 37376 01505119
1562510 1982514 37947610
1562930 9692626 07458103
1563807 135162 80455567
1564366 46592 12762881
1564889 24461845 31014112
1566007 10393102 85666683
1566378 6918274 60505665
1566383 9684826 84530157
1566693 76577510 90232436
1568513 186880 92961607
1571036 2449467 55487204
1571402 1436503 74216465
1572551 88064 48704886
1572576 21917220 24482615
